42 818 3654 3659 5937 6771 7505 8131 8382 8478 9635 10389 11034 11752
323 2466 3805 4385 4819 8953 10121 11752
2007 2161 3103 3476 3824 7323 7526 9416 10077 10647 10851 12693 12823
279 2255 2347 4738 4928 5903 6299 13023
415 971 2536 5471 5629 5846 6143 6202 7012 7598 7846 8193 11008 11126 11157 13277
1186 2153 5315
3083 5116 5615 7010 8407 10819 11300 11330 12129 12228 12522
186 2574 5187 8605 11022
804 1413 10865
1433 2591 2688 4253 5189 10438 11914
1121 1747 4407 4514 4949 7323 7735 8680 11166 11310
743 3114 7196 8730 9208 10362
4597 5935 11752
313 1186 3953 8180 10579
4204 4403 5937
323 1281 1852 1923 2153 2969 4408 4480 5123 5455 5985 6025 8953 10121 12187 13186
2136 2661 5937
6972 7010 8886 10576 11904
1330 2153 3447 4237 5843 7728 9182 9458 10819
818 873
12894
2255 2575 5166 11364 12050 13129
55 5699 12547
458 487 2158 2590 5615 6293 7103 7742 8728 11300 11330 13431
4345 5665 8337 10865 10969 13429
11518
542 548 1178 1208 3418 6652 8583 10814 11576 11914
12102
1756
12716
7085 10819
487 8407 12495
1272
503 7041 12542
2153 3399
2252
4576 11843 12064
12559
2153 5878
4345 11555 13429
2832
3629 10814 12064
4279
5944
659 2136 5937
55 95 110 130 158 182 256 261 355 372 386 514 560 625 651 737 752 780 843 945 1075 1114 1165 1175 1184 1192 1217 1324 1482 1650 1730 1750 1812 2015 2079 2240 2321 2423 2480 2581 2609 2633 2723 2736 2789 2888 2918 2925 3003 3081 3083 3155 3180 3245 3253 3262 3322 3323 3372 3380 3449 3485 3514 3564 3773 3789 3794 3797 3826 3833 3844 3851 3921 3923 4093 4263 4353 4447 4464 4518 4519 4632 4653 4695 4771 4806 4890 4936 4938 4940 4976 5098 5128 5129 5146 5168 5251 5373 5380 5383 5405 5444 5449 5457 5472 5521 5625 5672 5698 5699 5740 5792 6003 6047 6053 6136 6232 6258 6298 6435 6531 6537 6753 6822 6939 7059 7201 7329 7346 7488 7496 7512 7527 7538 7561 7677 7739 7821 7854 7908 7935 7969 7976 8050 8088 8139 8229 8287 8438 8824 8842 8859 8865 9007 9130 9160 9174 9340 9427 9428 9496 9560 9610 9681 9788 9843 9846 9909 9951 9962 10040 10071 10080 10083 10173 10252 10494 10626 10692 10886 10987 10995 11077 11096 11116 11137 11270 11299 11414 11496 11645 11675 11712 11799 11807 11889 11901 11908 11952 11957 11973 12002 12108 12171 12234 12284 12344 12353 12463 12530 12547 12651 12742 12751 12773 12835 12894 12915 12944 13058 13066 13140 13169 13185 13213 13220 13236 13259 13374 13377 13424
141 160 330 623 732 837 897 1121 1186 1256 1317 1337 1373 1490 1541 2295 2390 2437 2732 3124 3214 3263 3307 3712 3716 4036 4355 4369 4401 4497 4586 4599 5034 5065 5102 5131 5177 5221 5244 5270 5279 5386 5884 5934 6191 6493 6498 6810 6837 6870 7004 7041 7070 7098 7276 7323 7526 7529 7589 7633 7730 7769 7796 7813 7881 8180 8215 8322 8374 8561 8569 8709 8833 9026 9249 9333 9395 9398 9500 10006 10088 10106 10166 10207 10403 10486 10576 10913 11352 11434 11514 11520 11640 11736 11852 11925 11936 11958 11995 12252 12350 12364 12515 12618 12644 12680 12777 12895 13054 13064 13215 13220 13311 13372
13 30 39 69 74 83 94 95 113 119 139 174 177 179 187 199 222 238 240 245 256 263 282 288 318 322 333 362 368 386 424 503 535 556 625 675 680 716 731 785 790 803 828 837 869 925 943 979 1001 1068 1075 1105 1111 1114 1146 1179 1201 1225 1266 1277 1301 1328 1335 1360 1381 1394 1415 1464 1485 1518 1522 1532 1575 1586 1587 1618 1683 1710 1718 1762 1822 1836 1878 1881 1907 2023 2026 2037 2053 2060 2079 2111 2117 2124 2133 2144 2154 2169 2174 2192 2198 2225 2296 2297 2364 2369 2395 2396 2406 2409 2423 2474 2489 2543 2575 2597 2601 2677 2685 2746 2770 2773 2789 2820 2895 2921 3020 3024 3028 3064 3102 3127 3132 3136 3143 3240 3327 3363 3372 3380 3412 3434 3438 3485 3507 3570 3581 3598 3622 3628 3666 3711 3746 3768 3778 3807 3814 3923 3950 3970 3972 4004 4006 4021 4022 4043 4067 4087 4214 4221 4265 4432 4447 4464 4513 4522 4562 4661 4695 4708 4748 4811 4834 4836 4885 4902 4911 4915 4936 4955 4970 4986 4994 5029 5047 5068 5073 5090 5109 5117 5119 5133 5177 5179 5275 5367 5380 5408 5424 5449 5472 5518 5546 5585 5653 5691 5701 5702 5717 5764 5797 5885 5901 5920 5957 5961 6011 6096 6115 6128 6186 6260 6298 6319 6356 6385 6435 6449 6454 6462 6467 6478 6537 6563 6583 6610 6628 6670 6709 6726 6762 6765 6770 6799 6806 6812 6813 6857 6858 6955 6968 6974 7013 7050 7124 7139 7164 7170 7245 7280 7299 7315 7340 7346 7351 7375 7377 7388 7480 7517 7547 7577 7618 7650 7671 7732 7734 7772 7783 7796 7803 7871 7879 7908 7945 7976 8055 8073 8090 8115 8139 8217 8234 8252 8298 8329 8350 8383 8414 8451 8481 8485 8496 8507 8532 8559 8565 8592 8612 8709 8752 8809 8842 8843 8859 8873 8944 8956 9007 9023 9041 9186 9218 9239 9356 9361 9418 9471 9485 9487 9514 9555 9626 9685 9703 9706 9766 9814 9824 9826 9843 9946 9954 9962 10010 10013 10080 10099 10126 10147 10166 10241 10346 10349 10377 10385 10436 10459 10469 10484 10494 10505 10535 10607 10626 10631 10637 10646 10654 10691 10702 10708 10744 10778 10805 10840 10842 10846 10870 10889 10939 10940 10942 10975 10990 11072 11096 11121 11370 11372 11409 11538 11554 11565 11600 11634 11681 11682 11707 11714 11725 11796 11807 11823 11835 11851 11874 11877 11885 11899 11908 11946 11947 11957 11967 11973 12026 12046 12086 12094 12097 12237 12238 12262 12284 12302 12320 12351 12353 12354 12361 12427 12432 12435 12463 12472 12480 12570 12578 12600 12612 12622 12651 12661 12668 12683 12703 12742 12751 12767 12778 12809 12829 12838 12850 12856 12879 12886 12912 12968 13016 13058 13068 13082 13109 13153 13159 13196 13236 13249 13276 13291 13298 13316 13352 13354 13361 13368 13378 13394
140 141 233 330 364 383 630 657 683 1113 1114 1230 1256 1353 1361 1408 1427 1492 1541 1583 1660 1688 1753 1830 1999 2107 2131 2132 2257 2295 2367 2456 2458 2482 2575 2614 2621 2710 2738 2758 2830 2881 3098 3280 3712 3720 3818 3912 3918 4078 4269 4307 4308 4401 4514 4586 4701 4741 4776 5127 5160 5177 5219 5221 5360 5380 5386 5481 5897 5934 6109 6426 6443 6478 6509 6603 6685 6967 7041 7098 7213 7364 7502 7589 7730 7759 7796 7829 7956 8016 8033 8042 8087 8164 8182 8205 8207 8245 8322 8548 8709 8759 8930 9026 9095 9243 9249 9448 9632 9718 9743 9805 9864 9964 10088 10100 10116 10235 10480 10613 10622 10826 10867 10901 11054 11100 11166 11297 11381 11505 11537 11538 11693 11760 11984 12085 12111 12192 12217 12284 12385 12515 12724 12769 12839 12865 12915 12956 13054
55 95 130 158 182 256 261 355 386 514 625 651 737 780 843 1075 1114 1175 1184 1192 1217 1324 1650 1730 1812 2015 2079 2240 2423 2480 2581 2723 2789 2918 2925 3003 3081 3083 3155 3180 3245 3253 3262 3372 3380 3485 3514 3564 3773 3794 3797 3826 3833 3851 3921 3923 4093 4263 4353 4447 4464 4519 4632 4695 4890 4936 4938 4940 4976 5098 5128 5129 5168 5251 5373 5380 5383 5405 5449 5457 5472 5521 5672 5698 5699 5740 6003 6047 6136 6232 6258 6298 6435 6537 6753 6822 6939 7329 7346 7496 7538 7561 7739 7821 7854 7908 7969 7976 8050 8139 8287 8438 8824 8842 8859 8865 9007 9174 9340 9427 9428 9496 9560 9610 9681 9788 9843 9846 9909 9951 9962 10040 10071 10080 10083 10173 10252 10494 10626 10692 10886 10995 11077 11096 11137 11270 11299 11414 11496 11645 11675 11799 11807 11889 11908 11952 11957 11973 12002 12108 12171 12234 12284 12344 12353 12463 12530 12547 12651 12742 12751 12773 12915 12944 13058 13140 13169 13213 13236 13259 13374
308 334 425 433 438 447 471 482 518 521 562 639 661 811 890 945 965 1074 1182 1204 1310 1410 1891 1930 1978 1980 2093 2367 2473 2518 2593 2613 2758 2830 2838 2895 2935 3176 3320 3616 3673 3739 3781 3833 4057 4060 4068 4079 4117 4210 4269 4300 4308 4334 4410 4477 4514 4683 4719 4850 4876 5030 5115 5174 5209 5306 5353 5385 5397 5681 5728 5797 6092 6193 6379 6386 6438 6463 6469 6475 6519 6789 6906 6913 6929 6967 6984 7022 7343 7377 7426 7583 7595 7625 7635 7825 7944 7956 8170 8183 8191 8230 8322 8337 8503 8651 8729 9213 9357 9364 9547 9770 10063 10167 10195 10294 10488 10622 11139 11166 11345 11420 11516 11549 11575 11601 11654 11660 11693 11708 11785 11857 11917 12000 12085 12111 12174 12217 12243 12283 12371 12671 12707 12852 13074 13153 13293
12 31 32 42 57 61 82 106 122 133 141 144 153 156 195 213 233 238 242 293 296 304 311 333 336 344 371 372 374 376 377 385 389 409 433 455 458 463 478 481 487 504 511 538 542 562 564 575 586 587 591 605 609 623 626 672 673 683 689 692 699 711 716 731 732 750 755 771 795 797 802 804 818 850 871 872 873 879 885 896 913 914 928 932 942 952 956 960 982 997 1020 1035 1050 1060 1081 1090 1091 1098 1101 1128 1140 1145 1170 1204 1205 1208 1220 1223 1229 1242 1244 1248 1256 1269 1296 1301 1308 1314 1330 1335 1342 1345 1365 1379 1390 1396 1402 1405 1408 1409 1424 1427 1429 1440 1462 1469 1472 1483 1488 1490 1493 1494 1500 1501 1503 1507 1571 1594 1600 1605 1614 1615 1622 1629 1637 1640 1643 1647 1652 1671 1678 1687 1692 1729 1747 1753 1774 1776 1777 1783 1790 1806 1807 1817 1826 1830 1837 1838 1843 1858 1865 1875 1884 1902 1907 1921 1925 1941 1944 1960 1981 1984 1999 2004 2011 2015 2036 2038 2040 2042 2053 2062 2067 2104 2107 2125 2126 2141 2144 2150 2152 2153 2158 2161 2164 2198 2243 2250 2252 2255 2269 2278 2285 2287 2289 2294 2295 2300 2301 2311 2340 2346 2347 2351 2360 2378 2397 2413 2415 2422 2427 2428 2456 2463 2466 2475 2482 2483 2488 2493 2495 2520 2529 2531 2541 2546 2590 2595 2599 2614 2618 2621 2636 2643 2648 2649 2650 2657 2678 2684 2710 2712 2715 2721 2728 2733 2738 2752 2766 2773 2800 2826 2827 2838 2848 2881 2885 2897 2910 2913 2920 2921 2933 2936 2951 2954 2966 2969 2972 3006 3024 3039 3044 3046 3057 3061 3076 3080 3097 3108 3113 3116 3118 3123 3131 3136 3156 3161 3208 3210 3215 3227 3234 3236 3251 3253 3256 3260 3261 3269 3284 3308 3318 3348 3362 3369 3370 3385 3391 3421 3436 3447 3449 3453 3455 3463 3473 3488 3489 3506 3514 3524 3532 3535 3551 3555 3557 3577 3581 3598 3616 3637 3641 3659 3668 3674 3682 3685 3691 3698 3699 3701 3702 3705 3735 3751 3753 3758 3820 3865 3866 3871 3888 3890 3915 3918 3920 3929 3930 3931 3944 3947 3949 3961 3968 3985 4002 4022 4025 4029 4035 4041 4045 4054 4069 4070 4075 4077 4079 4097 4119 4150 4162 4179 4200 4204 4251 4275 4294 4302 4318 4334 4347 4350 4355 4357 4369 4373 4374 4407 4408 4418 4430 4432 4456 4476 4484 4491 4494 4499 4503 4505 4512 4525 4527 4530 4538 4546 4551 4558 4559 4584 4600 4601 4634 4637 4640 4641 4647 4661 4679 4701 4705 4719 4747 4775 4776 4779 4805 4807 4808 4809 4816 4819 4842 4852 4865 4868 4881 4891 4897 4900 4901 4902 4918 4924 4929 4933 4938 4949 4967 4970 4978 4979 4982 4988 4992 4997 5000 5005 5015 5033 5034 5043 5052 5061 5068 5078 5080 5088 5096 5100 5108 5115 5119 5120 5124 5126 5146 5163 5166 5173 5188 5190 5192 5197 5200 5219 5220 5221 5236 5244 5245 5248 5254 5259 5261 5262 5295 5304 5315 5327 5334 5339 5349 5352 5353 5358 5380 5385 5392 5400 5405 5410 5423 5434 5435 5438 5463 5492 5497 5513 5541 5544 5548 5553 5554 5584 5594 5606 5608 5615 5618 5630 5648 5662 5689 5710 5718 5731 5734 5753 5754 5760 5795 5796 5825 5830 5858 5875 5887 5891 5905 5912 5916 5928 5930 5937 5941 5948 5969 5976 5992 5996 6000 6006 6024 6044 6045 6047 6055 6067 6069 6090 6094 6095 6096 6099 6101 6106 6109 6119 6141 6158 6169 6237 6242 6248 6262 6265 6278 6293 6296 6329 6340 6367 6369 6379 6380 6383 6386 6397 6401 6402 6406 6411 6445 6485 6503 6507 6516 6520 6524 6527 6554 6600 6617 6618 6623 6656 6663 6668 6687 6689 6695 6703 6704 6724 6725 6728 6740 6745 6760 6772 6783 6792 6807 6810 6811 6816 6826 6827 6839 6843 6844 6873 6879 6891 6897 6906 6912 6923 6928 6943 6950 6969 6974 6981 6984 6990 7006 7044 7049 7054 7058 7066 7071 7076 7077 7078 7092 7103 7112 7115 7116 7162 7171 7178 7191 7222 7232 7250 7258 7277 7278 7280 7284 7288 7304 7341 7342 7358 7365 7367 7385 7404 7406 7423 7426 7427 7431 7463 7466 7469 7472 7474 7492 7494 7498 7505 7509 7530 7561 7562 7580 7595 7596 7604 7615 7625 7626 7629 7633 7635 7648 7663 7687 7695 7710 7712 7730 7736 7740 7742 7754 7769 7775 7796 7799 7802 7805 7810 7813 7827 7829 7834 7861 7866 7877 7879 7881 7885 7887 7908 7912 7913 7925 7927 7936 7948 7965 7996 8031 8033 8038 8046 8084 8097 8112 8114 8122 8131 8135 8138 8147 8173 8175 8182 8202 8215 8230 8252 8260 8269 8277 8287 8313 8316 8333 8335 8336 8337 8378 8382 8396 8411 8422 8424 8440 8453 8463 8466 8503 8548 8562 8568 8593 8608 8615 8618 8624 8628 8650 8667 8669 8671 8704 8719 8728 8734 8737 8742 8744 8757 8759 8773 8777 8780 8794 8811 8822 8833 8839 8858 8864 8873 8896 8910 8923 8928 8955 8969 8986 8994 8997 9010 9019 9028 9034 9039 9045 9047 9065 9066 9076 9101 9122 9131 9144 9182 9186 9198 9217 9233 9239 9243 9254 9261 9264 9265 9293 9304 9310 9348 9350 9357 9365 9371 9372 9375 9394 9412 9416 9459 9489 9497 9515 9520 9523 9534 9536 9545 9569 9571 9584 9586 9629 9637 9638 9658 9662 9687 9714 9732 9785 9816 9825 9841 9842 9850 9863 9866 9889 9904 9907 9912 9929 9930 9939 9942 9964 9965 9975 9981 10041 10064 10070 10071 10079 10093 10100 10106 10116 10119 10128 10130 10135 10139 10142 10166 10168 10171 10180 10181 10188 10207 10235 10240 10250 10258 10260 10279 10288 10308 10312 10331 10341 10376 10387 10403 10405 10409 10410 10419 10427 10433 10436 10438 10454 10455 10469 10478 10483 10490 10491 10499 10517 10525 10531 10539 10547 10583 10597 10606 10609 10618 10686 10707 10733 10741 10747 10760 10792 10812 10814 10815 10828 10865 10867 10874 10885 10890 10893 10898 10913 10914 10937 10953 10992 11007 11013 11025 11026 11034 11039 11055 11071 11088 11090 11094 11106 11109 11111 11116 11146 11156 11166 11194 11198 11220 11232 11247 11251 11252 11267 11290 11300 11301 11303 11304 11306 11312 11330 11342 11354 11359 11370 11383 11387 11389 11402 11403 11405 11408 11416 11432 11434 11458 11460 11475 11477 11496 11507 11508 11514 11515 11525 11533 11542 11544 11554 11556 11579 11592 11593 11615 11616 11617 11622 11624 11630 11636 11639 11640 11655 11659 11680 11686 11701 11712 11724 11752 11756 11757 11785 11786 11787 11791 11795 11806 11807 11833 11844 11846 11852 11855 11869 11872 11875 11903 11916 11956 11959 11981 11989 11994 11995 12000 12011 12025 12028 12032 12036 12071 12089 12091 12096 12101 12118 12128 12131 12137 12149 12152 12158 12163 12173 12176 12182 12185 12193 12198 12201 12208 12219 12240 12282 12283 12320 12327 12332 12345 12347 12351 12363 12367 12382 12391 12392 12397 12401 12412 12425 12436 12455 12470 12490 12523 12542 12547 12548 12559 12569 12585 12590 12592 12599 12601 12606 12626 12651 12663 12677 12689 12713 12714 12716 12743 12748 12769 12778 12782 12796 12823 12833 12845 12866 12870 12886 12888 12889 12894 12903 12918 12921 12951 12991 13018 13034 13040 13058 13062 13090 13091 13111 13119 13129 13156 13167 13175 13214 13218 13289 13291 13311 13313 13318 13327 13350 13351 13363 13368 13391 13394 13402 13431 13433
1 7 12 16 18 28 33 36 45 47 49 53 54 55 59 64 65 66 67 71 76 81 84 90 91 95 96 98 105 106 108 122 127 131 132 135 136 141 151 154 155 160 162 168 169 171 179 193 204 205 212 213 216 232 233 237 239 240 257 258 270 274 277 279 285 292 293 304 309 322 326 337 343 344 346 350 351 362 370 373 376 379 382 383 387 392 393 404 407 408 411 420 422 424 425 427 429 434 445 449 460 463 465 468 469 473 481 482 491 493 495 496 497 506 507 508 509 511 512 519 522 529 536 542 546 559 561 564 570 571 573 584 593 606 612 616 622 629 640 649 650 660 666 668 671 679 686 688 692 693 696 699 706 709 715 726 730 732 737 739 747 749 756 757 764 768 773 782 784 786 797 809 812 819 820 822 829 830 831 833 838 842 844 852 858 860 867 884 886 887 899 900 906 909 912 913 914 918 923 926 928 932 934 935 942 949 950 951 952 957 961 963 964 967 971 992 995 997 1004 1019 1021 1023 1032 1033 1034 1035 1037 1051 1060 1061 1063 1065 1074 1075 1086 1087 1101 1102 1104 1107 1110 1111 1115 1120 1122 1123 1125 1128 1132 1136 1140 1145 1158 1162 1164 1169 1170 1173 1174 1186 1188 1189 1190 1192 1193 1200 1208 1226 1233 1234 1235 1237 1242 1245 1249 1251 1256 1261 1263 1269 1271 1272 1274 1279 1281 1283 1286 1288 1290 1294 1298 1300 1302 1305 1308 1311 1319 1325 1330 1331 1332 1338 1343 1344 1350 1362 1365 1369 1370 1390 1392 1394 1396 1397 1399 1401 1403 1413 1424 1426 1428 1429 1444 1447 1455 1461 1463 1464 1466 1471 1481 1487 1493 1494 1498 1501 1503 1507 1510 1513 1524 1525 1526 1527 1528 1534 1538 1540 1544 1550 1557 1558 1563 1569 1573 1578 1579 1580 1587 1594 1601 1602 1603 1609 1615 1629 1632 1639 1641 1643 1648 1649 1655 1660 1662 1664 1670 1671 1680 1685 1687 1689 1690 1691 1694 1700 1706 1714 1729 1731 1735 1738 1739 1746 1750 1760 1767 1772 1779 1782 1783 1785 1786 1787 1788 1789 1791 1792 1795 1798 1802 1804 1806 1811 1813 1815 1817 1829 1836 1841 1844 1848 1851 1865 1871 1875 1883 1884 1891 1905 1907 1914 1915 1924 1927 1928 1930 1931 1934 1936 1937 1940 1942 1945 1947 1962 1965 1970 1976 1979 1985 1991 1992 1994 1998 1999 2002 2003 2004 2006 2009 2013 2016 2017 2021 2023 2025 2033 2042 2043 2048 2050 2058 2061 2068 2069 2073 2075 2077 2078 2085 2089 2097 2102 2104 2108 2109 2110 2111 2112 2114 2117 2125 2129 2132 2134 2136 2138 2139 2141 2143 2144 2145 2147 2150 2153 2156 2161 2168 2171 2172 2180 2190 2198 2205 2210 2212 2213 2218 2225 2235 2239 2242 2243 2244 2247 2251 2254 2256 2257 2258 2259 2263 2264 2268 2271 2281 2282 2298 2299 2305 2317 2318 2322 2323 2331 2332 2334 2342 2345 2347 2353 2360 2367 2372 2379 2381 2384 2389 2407 2410 2418 2419 2424 2430 2435 2437 2438 2450 2453 2455 2457 2458 2461 2463 2464 2466 2476 2485 2493 2499 2501 2503 2508 2518 2521 2522 2523 2530 2536 2543 2555 2557 2559 2560 2564 2565 2567 2569 2572 2585 2587 2592 2606 2607 2609 2613 2617 2626 2629 2636 2639 2640 2642 2648 2649 2650 2652 2653 2666 2667 2668 2670 2673 2675 2676 2677 2680 2681 2682 2693 2695 2696 2703 2704 2718 2721 2723 2734 2735 2737 2742 2748 2762 2773 2782 2783 2784 2786 2792 2798 2816 2817 2819 2821 2822 2830 2835 2848 2850 2853 2872 2873 2887 2890 2894 2900 2901 2906 2913 2926 2927 2928 2942 2963 2970 2976 2978 2980 2982 2987 2988 2990 2991 2996 2997 2998 3006 3008 3009 3010 3026 3037 3044 3046 3048 3049 3053 3061 3062 3065 3067 3071 3078 3080 3081 3082 3089 3094 3096 3099 3105 3110 3113 3122 3126 3128 3129 3143 3144 3146 3159 3161 3162 3168 3173 3176 3177 3178 3186 3190 3192 3194 3197 3199 3204 3206 3208 3210 3214 3217 3222 3231 3232 3233 3235 3242 3243 3244 3247 3250 3259 3260 3267 3270 3281 3283 3284 3290 3293 3320 3323 3325 3329 3330 3333 3340 3344 3345 3350 3351 3352 3353 3362 3371 3374 3375 3381 3390 3394 3396 3398 3400 3413 3416 3421 3423 3425 3426 3432 3433 3437 3442 3443 3450 3453 3454 3460 3465 3467 3471 3479 3483 3493 3495 3499 3500 3505 3510 3511 3514 3515 3520 3524 3528 3533 3546 3547 3548 3556 3557 3558 3564 3565 3568 3572 3576 3577 3582 3595 3596 3599 3601 3605 3611 3618 3622 3624 3637 3642 3643 3644 3646 3647 3653 3654 3657 3658 3659 3663 3664 3665 3667 3670 3677 3682 3691 3692 3693 3697 3700 3703 3712 3716 3735 3745 3748 3751 3753 3757 3758 3762 3763 3765 3766 3771 3772 3782 3783 3784 3787 3788 3798 3799 3800 3802 3808 3812 3821 3826 3832 3847 3852 3853 3856 3857 3862 3864 3866 3869 3870 3874 3875 3880 3882 3895 3896 3900 3901 3905 3906 3911 3912 3913 3914 3918 3920 3925 3928 3930 3939 3941 3942 3944 3945 3946 3976 3980 3984 3985 3987 3990 3998 4003 4008 4012 4027 4035 4053 4056 4058 4059 4063 4066 4070 4072 4075 4080 4081 4083 4085 4087 4088 4090 4091 4095 4097 4099 4100 4107 4115 4120 4122 4126 4132 4138 4143 4151 4155 4156 4157 4160 4162 4164 4165 4174 4182 4185 4188 4194 4196 4197 4198 4202 4212 4215 4216 4220 4222 4237 4243 4245 4254 4259 4263 4268 4279 4281 4288 4290 4296 4300 4301 4309 4311 4316 4317 4319 4325 4326 4330 4332 4333 4336 4338 4343 4353 4360 4362 4388 4389 4392 4393 4395 4399 4401 4402 4407 4410 4414 4415 4421 4426 4432 4433 4437 4438 4439 4443 4447 4453 4455 4462 4466 4469 4476 4483 4484 4488 4492 4495 4501 4502 4507 4511 4518 4525 4527 4528 4534 4536 4538 4543 4547 4550 4553 4554 4555 4558 4567 4576 4578 4581 4584 4586 4598 4602 4622 4625 4628 4630 4631 4633 4640 4648 4651 4653 4654 4657 4659 4665 4669 4673 4686 4695 4696 4697 4701 4708 4711 4713 4714 4719 4721 4723 4730 4747 4754 4755 4759 4760 4770 4778 4779 4781 4783 4786 4787 4800 4803 4806 4809 4817 4818 4819 4821 4823 4838 4840 4847 4849 4851 4857 4858 4860 4861 4863 4877 4883 4884 4885 4896 4898 4900 4904 4913 4917 4918 4924 4928 4929 4939 4942 4946 4948 4956 4963 4971 4972 4982 4985 4996 4998 4999 5000 5005 5010 5012 5021 5029 5032 5037 5041 5043 5045 5062 5063 5065 5067 5069 5071 5078 5084 5085 5088 5094 5095 5097 5099 5115 5117 5121 5124 5134 5138 5139 5143 5152 5155 5163 5165 5167 5170 5182 5191 5194 5195 5197 5199 5202 5211 5213 5214 5216 5223 5232 5238 5242 5243 5244 5245 5246 5254 5257 5261 5265 5267 5271 5272 5283 5290 5293 5300 5304 5305 5310 5313 5314 5318 5319 5322 5327 5328 5329 5332 5333 5348 5350 5363 5364 5369 5370 5374 5380 5382 5384 5388 5398 5399 5401 5415 5420 5435 5446 5447 5448 5452 5461 5464 5467 5468 5471 5472 5473 5475 5479 5483 5486 5512 5514 5516 5518 5532 5534 5535 5536 5544 5547 5549 5551 5554 5568 5577 5579 5584 5585 5586 5594 5595 5597 5604 5609 5610 5612 5616 5617 5619 5625 5626 5627 5630 5631 5656 5657 5659 5664 5665 5672 5674 5675 5676 5680 5683 5687 5692 5695 5697 5698 5705 5708 5709 5714 5717 5718 5724 5732 5740 5742 5749 5753 5755 5770 5771 5778 5780 5782 5783 5787 5790 5791 5792 5794 5795 5796 5798 5801 5802 5809 5814 5830 5831 5848 5849 5850 5853 5865 5866 5871 5889 5892 5894 5896 5897 5899 5900 5901 5903 5908 5912 5923 5931 5935 5937 5940 5943 5944 5955 5964 5965 5966 5969 5973 5976 5977 5978 5988 5997 5999 6002 6006 6017 6018 6022 6028 6030 6034 6042 6046 6048 6049 6056 6060 6067 6092 6102 6104 6110 6111 6117 6119 6120 6129 6135 6140 6143 6144 6150 6151 6158 6163 6168 6171 6179 6180 6187 6191 6192 6193 6194 6195 6202 6205 6216 6218 6219 6220 6229 6235 6236 6237 6238 6241 6248 6260 6264 6269 6270 6271 6272 6279 6280 6282 6285 6289 6296 6299 6300 6308 6310 6313 6314 6337 6342 6350 6352 6355 6356 6357 6360 6361 6364 6367 6373 6374 6376 6377 6382 6383 6388 6393 6395 6396 6398 6399 6400 6403 6407 6411 6416 6426 6441 6444 6449 6450 6453 6459 6460 6466 6481 6485 6488 6495 6502 6507 6508 6509 6514 6518 6520 6526 6531 6536 6538 6540 6542 6554 6556 6559 6565 6567 6568 6578 6579 6581 6587 6593 6598 6599 6601 6618 6623 6634 6638 6639 6641 6648 6659 6663 6667 6671 6672 6673 6675 6677 6682 6683 6688 6689 6692 6697 6700 6704 6706 6709 6713 6715 6716 6717 6719 6723 6728 6749 6760 6774 6778 6779 6782 6795 6797 6800 6802 6804 6808 6816 6826 6830 6835 6836 6845 6848 6855 6858 6861 6862 6867 6872 6873 6878 6879 6880 6885 6888 6890 6891 6893 6898 6904 6905 6907 6909 6912 6913 6920 6929 6933 6935 6937 6939 6945 6950 6951 6957 6970 6976 6980 6987 6991 6998 6999 7001 7010 7012 7013 7022 7024 7025 7032 7039 7041 7045 7051 7052 7053 7058 7060 7062 7064 7076 7081 7093 7094 7102 7106 7115 7119 7122 7123 7131 7136 7148 7156 7159 7160 7163 7175 7184 7191 7195 7197 7203 7204 7206 7207 7211 7213 7215 7229 7231 7233 7244 7246 7250 7255 7257 7260 7266 7267 7274 7277 7284 7287 7288 7289 7293 7294 7296 7301 7302 7303 7320 7322 7325 7326 7338 7339 7344 7347 7348 7350 7352 7360 7376 7386 7388 7389 7395 7397 7404 7408 7424 7426 7433 7438 7440 7445 7447 7448 7450 7452 7453 7459 7460 7462 7469 7470 7475 7476 7480 7496 7509 7510 7526 7527 7532 7540 7543 7551 7552 7556 7559 7560 7562 7566 7568 7569 7570 7573 7580 7581 7582 7584 7589 7593 7595 7596 7598 7600 7601 7608 7614 7617 7626 7628 7632 7633 7636 7637 7638 7646 7647 7648 7654 7658 7660 7664 7666 7671 7673 7677 7696 7698 7699 7702 7703 7706 7713 7719 7725 7727 7747 7750 7756 7757 7763 7780 7782 7783 7786 7791 7793 7797 7803 7804 7805 7807 7808 7810 7813 7815 7828 7834 7844 7845 7846 7849 7854 7861 7862 7863 7864 7866 7868 7876 7880 7883 7886 7887 7890 7892 7899 7913 7914 7915 7922 7929 7936 7944 7947 7952 7956 7965 7970 7974 7979 7984 7986 7987 7990 7996 7998 7999 8003 8005 8007 8015 8018 8020 8027 8031 8033 8038 8041 8048 8049 8052 8058 8060 8064 8066 8073 8074 8079 8081 8082 8084 8090 8092 8106 8111 8114 8116 8125 8126 8128 8133 8135 8140 8142 8143 8150 8154 8155 8160 8163 8169 8170 8172 8175 8178 8184 8186 8188 8191 8192 8193 8197 8199 8211 8219 8224 8227 8228 8232 8233 8235 8236 8238 8240 8243 8257 8259 8264 8283 8287 8288 8292 8293 8295 8305 8307 8321 8323 8334 8336 8338 8340 8341 8342 8345 8350 8354 8355 8360 8369 8377 8383 8389 8390 8394 8397 8400 8402 8403 8412 8421 8422 8425 8428 8430 8443 8450 8452 8456 8458 8460 8466 8468 8490 8492 8501 8503 8505 8511 8513 8516 8521 8523 8535 8539 8541 8544 8551 8565 8569 8572 8574 8578 8582 8584 8585 8587 8588 8590 8593 8594 8595 8596 8597 8603 8608 8612 8618 8628 8629 8630 8634 8635 8644 8647 8648 8658 8665 8668 8669 8671 8680 8684 8685 8689 8693 8695 8696 8702 8706 8710 8720 8725 8732 8737 8738 8742 8746 8754 8755 8757 8761 8762 8765 8769 8773 8783 8790 8793 8794 8801 8803 8804 8811 8812 8813 8815 8816 8820 8823 8833 8836 8838 8839 8846 8849 8852 8853 8859 8867 8868 8870 8873 8884 8885 8890 8894 8904 8905 8912 8916 8918 8921 8922 8923 8928 8937 8942 8951 8956 8958 8963 8968 8975 8977 8992 8994 8996 9003 9010 9011 9013 9015 9017 9018 9022 9024 9028 9035 9042 9046 9048 9055 9057 9058 9063 9076 9086 9087 9093 9094 9114 9117 9120 9124 9126 9136 9138 9140 9149 9150 9152 9153 9158 9161 9162 9166 9167 9170 9174 9176 9180 9182 9191 9192 9193 9198 9199 9203 9208 9216 9219 9222 9224 9226 9231 9232 9236 9237 9241 9250 9255 9260 9264 9268 9271 9272 9275 9277 9282 9285 9292 9293 9294 9297 9307 9309 9311 9314 9315 9317 9319 9320 9342 9346 9348 9349 9361 9365 9366 9374 9375 9376 9382 9384 9390 9392 9395 9396 9398 9402 9403 9404 9409 9414 9416 9419 9421 9424 9428 9429 9430 9433 9434 9435 9437 9441 9448 9450 9453 9455 9458 9459 9463 9467 9471 9472 9473 9474 9492 9495 9499 9500 9502 9505 9506 9510 9512 9517 9520 9523 9527 9531 9542 9548 9551 9553 9561 9577 9579 9580 9581 9589 9590 9594 9600 9601 9604 9612 9615 9616 9621 9632 9638 9643 9650 9654 9658 9659 9667 9672 9674 9677 9679 9685 9687 9688 9695 9697 9705 9707 9714 9722 9723 9728 9731 9736 9740 9749 9750 9751 9764 9765 9767 9769 9775 9776 9777 9782 9785 9787 9807 9816 9823 9826 9830 9832 9840 9843 9852 9859 9864 9874 9877 9884 9885 9886 9889 9891 9902 9912 9916 9917 9925 9929 9935 9942 9947 9951 9953 9954 9959 9965 9967 9974 9996 10002 10009 10014 10016 10025 10029 10053 10055 10057 10061 10068 10072 10077 10078 10082 10090 10091 10102 10104 10107 10113 10114 10122 10123 10134 10135 10150 10153 10156 10157 10159 10165 10171 10173 10180 10188 10190 10192 10196 10200 10203 10207 10210 10216 10219 10222 10225 10226 10228 10235 10237 10239 10251 10258 10260 10263 10265 10266 10271 10275 10276 10279 10282 10283 10284 10286 10296 10299 10301 10315 10323 10338 10340 10341 10346 10349 10353 10357 10365 10366 10372 10377 10381 10392 10403 10406 10409 10415 10416 10417 10418 10419 10425 10433 10436 10437 10438 10441 10448 10454 10456 10457 10459 10477 10480 10482 10483 10484 10485 10486 10487 10488 10493 10498 10501 10505 10509 10513 10525 10526 10533 10538 10539 10541 10548 10549 10553 10554 10556 10558 10562 10568 10572 10576 10579 10580 10582 10586 10589 10590 10604 10606 10615 10619 10621 10624 10625 10626 10628 10633 10636 10644 10649 10650 10651 10653 10655 10658 10662 10668 10671 10672 10674 10679 10681 10690 10694 10695 10696 10698 10699 10703 10704 10718 10721 10725 10726 10734 10740 10745 10748 10750 10757 10767 10772 10773 10775 10778 10795 10798 10804 10808 10809 10811 10812 10814 10819 10820 10823 10830 10831 10833 10836 10837 10839 10842 10849 10854 10857 10858 10859 10860 10875 10882 10884 10885 10887 10895 10902 10904 10912 10915 10917 10921 10923 10927 10928 10933 10936 10939 10940 10948 10951 10952 10953 10957 10959 10962 10979 10980 10984 10991 10992 11008 11009 11024 11028 11032 11033 11039 11045 11047 11049 11052 11058 11064 11066 11067 11071 11074 11075 11079 11081 11084 11089 11092 11094 11103 11105 11107 11112 11116 11118 11123 11126 11133 11135 11137 11143 11145 11151 11157 11158 11164 11168 11169 11172 11177 11179 11185 11187 11193 11219 11220 11223 11226 11227 11239 11242 11247 11253 11257 11262 11271 11273 11276 11280 11287 11288 11297 11299 11303 11310 11311 11312 11314 11323 11324 11326 11327 11328 11329 11330 11331 11334 11347 11351 11352 11362 11363 11368 11370 11382 11395 11396 11397 11398 11404 11412 11413 11425 11426 11432 11435 11438 11447 11448 11452 11456 11457 11464 11466 11472 11476 11477 11487 11492 11495 11508 11515 11516 11517 11520 11522 11523 11530 11531 11541 11544 11546 11548 11550 11566 11570 11581 11584 11586 11591 11599 11607 11616 11618 11620 11625 11627 11638 11641 11655 11664 11676 11678 11681 11683 11686 11688 11689 11696 11697 11701 11705 11709 11715 11717 11728 11732 11733 11735 11741 11745 11746 11747 11748 11749 11751 11752 11762 11770 11782 11784 11786 11789 11798 11806 11814 11817 11821 11824 11825 11828 11829 11831 11835 11839 11843 11847 11849 11855 11856 11857 11861 11862 11864 11865 11875 11882 11884 11895 11898 11904 11905 11906 11914 11916 11922 11933 11940 11942 11968 11974 11977 11978 11979 11984 11988 11993 11994 11998 12002 12005 12010 12015 12016 12024 12025 12026 12039 12042 12050 12053 12070 12072 12074 12090 12095 12096 12097 12099 12100 12101 12102 12106 12107 12115 12120 12122 12123 12131 12132 12143 12144 12148 12152 12162 12163 12165 12167 12173 12178 12181 12185 12188 12189 12190 12191 12197 12198 12199 12209 12211 12214 12215 12217 12219 12224 12225 12227 12233 12237 12238 12249 12253 12255 12257 12260 12268 12272 12278 12285 12289 12290 12292 12293 12295 12297 12302 12304 12307 12309 12310 12311 12312 12313 12314 12321 12327 12329 12333 12338 12339 12341 12342 12350 12354 12355 12364 12367 12372 12375 12383 12386 12397 12399 12405 12406 12408 12409 12413 12416 12417 12419 12425 12429 12433 12436 12437 12450 12454 12455 12456 12459 12461 12462 12466 12467 12468 12479 12481 12492 12493 12495 12496 12499 12501 12502 12503 12508 12509 12510 12516 12522 12526 12528 12533 12538 12539 12540 12548 12552 12553 12570 12571 12574 12575 12583 12585 12586 12590 12598 12599 12601 12604 12613 12614 12618 12621 12623 12627 12633 12634 12639 12652 12657 12663 12666 12676 12690 12691 12695 12697 12699 12706 12723 12724 12728 12732 12742 12753 12769 12770 12775 12780 12781 12801 12808 12811 12815 12819 12820 12837 12839 12841 12844 12852 12856 12857 12858 12860 12863 12865 12866 12870 12872 12874 12882 12883 12889 12895 12897 12901 12903 12904 12905 12907 12908 12913 12916 12920 12926 12927 12928 12929 12935 12940 12941 12945 12950 12951 12952 12954 12963 12964 12974 12981 12982 12986 12990 13006 13010 13011 13023 13024 13027 13030 13031 13037 13038 13046 13056 13058 13059 13062 13065 13073 13074 13075 13077 13080 13083 13090 13093 13095 13102 13103 13114 13115 13125 13126 13128 13131 13136 13142 13145 13147 13150 13157 13161 13162 13164 13166 13195 13204 13206 13207 13214 13220 13226 13227 13235 13238 13242 13254 13256 13274 13281 13285 13297 13303 13307 13316 13317 13318 13319 13326 13328 13332 13340 13355 13356 13357 13358 13365 13366 13379 13380 13381 13385 13388 13390 13393 13400 13401 13402 13407 13411 13421 13422 13427 13435
